10.186239
0.282491
0.000568214
0.216714
0.227059
0.99486
0.907702
0.0807597
0.400984
0.566563
0.621096
0.359578
0.526196
0.536976
0.0111858
0.999304
0.388762
0.212338
0.503501
0.299952
0.999652
0.0270679
1
0.926246
0.651286
0.746529
0.724076
0.225865
0.570804
0.570284
0.838055
0.560403
0.291482
0.1083
0.689556
0.83861
9.36733e-05
0.563494
0.516225
0.686545
0.372905
0.470475
0.678642
0.672876
0.371041
0.966615
0.259375
0.341776
1
0.219456
0.707376
0.703012
0.440701
0.377268
0.549473
0.8267
0.804188
0.674508
0.619141
0.977282
0.50471
0.809963
0.330377
0.500325
0.498539
0.531151
0.276851
0.305479
0.572241
0.99239
0.722055
0.712357
0.754409
0.577705
0.767892
0.557288
0.923975
0.532973
0.922075
0.957651
0.492153
0.460103
0.59882
0.829206
0.723231
0.0945192
1
1
0.639714
0.541125
1
0.604924
0.552257
0.943892
0.683282
0.41637
0.620881
0.577055
0.953874
0.954064
0.609662
0.638139
0.565519
0.444969
0.9354
0.785382
0.881442
0.910879
0.590465
1
0.873581
0.622604
0.188436
0.891937
0.601072
0.325995
0.0556969
0.653176
0.789083
0.99997
0.868501
0.620407
0.619571
0.701539
0.587691
0.343728
0.694614
0.345042
0.652553
8.80615e-06
0.712751
0.739745
0.643946
0.651606
0.000358881
0.49241
0.98999
0.679043
0.415365
0.713945
0.668022
0.672643
0.370086
0.912124
0.997792
0.547263
0.994555
0.976226
0.758161
0.732922
0.990797
0.654432
0.999994
0.613219
0.66113
0.252201
0.692508
0.650383
0.684196
0.957379
0.427297
0.588291
0.680672
0.36124
0.998505
0.611062
0.714816
0.975837
0.95861
0.93337
0.747065
0.667852
0.616917
0.559291
0.692804
0.34666
0.0285562
0.56889
0.123589
0.614997
0.570764
0.662654
0.566041
0.592477
0.586731
0.656313
0.515384
0.424688
0.670367
0.697002
0.587092
0.568425
0.62835
0.574556
0.56367
0.551653
0.618297
0.601131
0.713048
0.600182
0.492409
0.693834
0.698087
0.645514
0.658051
0.725311
0.534176
0.622758
0.681827
0.669352
0.630969
0.620208
0.455683
0.490897
0.632336
0.624203
0.607015
0.817737
0.624798
1
0.487936
0.958375
0.520297
0.630891
0.229736
0.519604
0.720378
0.844341
0.637777
0.65475
0.707069
0.812585
0.515101
0.499068
0.635272
0.688522
0.930652
0.63256
0.522638
0.439541
0.663695
0.950813
0.544043
0.655031
0.668661
0.581762
0.735677
0.550941
0.512579
0.545517
0.658888
0.416591
0.591781
0.947867
0.681779
0.635847
0.819789
0.719355
0.685148
0.593231
0.646423
0.518825
0.560852
0.540385
0.964383
0.464314
0.522983
0.681303
0.671907
0.475306
0.966052
0.672206
0.567597
0.901706
0.400542
0.694757
0.695404
0.570001
0.988368
0.698316
0.668063
0.714199
0.679775
0.848538
0.538673
0.589294
0.271095
0.568436
0.572896
0.629546
0.150503
0.636722
0.51054
0.709329
0.728834
0.674226
0.549693
0.574185
0.554917
0.629009
0.64696
0.642264
0.582884
0.998725
0.49638
0.655845
0.554368
0.750349
0.549837
0.633442
0.733168
0.763094
0.678383
0.620877
0.903383
0.763933
0.70719
0.647219
0.409932
0.671965
0.204284
0.460115
0.577058
0.994744
0.622486
0.621674
0.8411
0.737471
0.548406
0.53502
0.770647
0.731828
0.501798
0.583475
0.731638
0.537196
0.613689
0.66702
0.672335
0.569814
0.689993
0.543617
0.828161
0.597289
0.54422
0.819446
0.649706
0.641571
0.735896
0.918495
0.659508
0.453844
0.696146
0.677196
0.601596
0.712863
0.672476
0.61775
0.514425
0.668256
0.541608
0.545258
0.65351
0.603209
0.579542
0.657133
0.644438
0.623261
0.608188
0.602599
0.826831
0.526015
0.797727
0.660057
0.670768
0.724708
0.581576
0.710571
0.704867
0.349044
0.580604
0.594025
0.612352
0.71584
0.712694
0.662475
0.476797
0.648826
0.741108
0.635303
0.69202
0.6177
0.780199
0.828283
0.684733
0.616652
0.759365
0.813718
0.77243
0.854893
0.720278
0.708118
0.550154
0.593591
0.625764
0.475825
0.699689
0.520986
0.57272
0.63671
0.555643
0.500201
0.714658
0.75036
0.717351
0.8378
0.69019
0.478033
0.618037
0.715365
0.647761
0.609769
0.719836
0.109324
0.60051
0.608558
0.617696
0.778815
0.553397
0.678248
0.562577
0.921345
0.616694
0.704812
0.466608
0.552717
0.594645
0.796716
0.640307
0.621322
0.64354
0.567588
0.664837
0.548552
0.655427
0.694507
0.737951
0.952375
0.668983
0.628939
0.532618
0.654355
0.446233
0.754699
0.693527
0.963768
0.832283
0.712726
0.68524
0.74603
0.718626
0.679946
0.665322
0.659664
0.691001
0.54611
0.657764
0.61696
0.473258
0.437878
0.569291
0.806059
0.608564
0.649749
0.717456
0.549922
0.774773
0.667499
0.695838
0.603141
0.734599
0.582092
0.761596
0.595675
0.529309
0.524036
0.610758
0.678646
0.596968
0.754589
0.601645
0.505393
0.72027
0.336959
0.59838
0.600178
0.495321
0.634425
0.745071
0.634063
0.623427
0.39669
0.682077
0.664534
0.623037
0.731892
0.657223
0.246114
0.576016
0.670381
0.523274
0.726847
0.438189
0.607224
0.718588
0.599248
0.706123
0.596393
0.997232
0.539023
0.684059
0.721257
0.623689
0.636797
0.620473
0.711259
0.661711
0.483864
0.771809
0.601887
0.676578
0.60472
0.581881
0.707912
0.566922
0.482939
0.663371
0.613142
0.480193
0.557908
0.544796
0.551192
0.557739
0.748424
0.547956
0.620197
0.455845
0.62244
0.48209
0.629774
0.585825
0.589876
0.650014
0.572993
0.537471
0.5907
0.628629
0.545294
0.575139
0.559183
0.752759
0.786197
0.599512
0.773618
0.628834
0.641078
0.537843
0.681216
0.613353
0.740706
0.693892
0.586381
0.611903
0.733303
0.652383
0.730342
0.646903
0.656673
0.627983
0.548698
0.643825
0.606282
0.699569
0.644506
0.706938
0.551031
0.528987
0.596598
0.574272
0.533524
0.553343
0.692822
0.669612
0.619843
0.557824
0.539912
0.516936
0.562928
0.730986
0.625766
0.576629
0.476304
0.657572
0.618615
0.588068
0.286168
0.661275
0.593232
0.733694
0.716626
0.601377
0.616993
0.479493
0.598488
0.568423
0.589468
0.710937
0.679912
0.581586
0.625713
0.702196
0.625931
0.689586
0.559788
0.773679
0.672517
0.633936
0.799589
0.757494
0.691432
0.568687
0.751285
0.631118
0.724028
0.644627
0.572638
0.533216
0.552838
0.53057
0.650028
0.609203
0.626556
0.582793
0.645566
0.591937
0.266345
0.597641
0.69828
0.713918
0.597849
0.678672
0.705726
0.585149
0.565155
0.599518
0.541521
0.514508
0.662384
0.673019
0.698237
0.659116
0.614668
0.645841
0.582559
0.634242
0.337974
0.707743
0.55187
0.447028
0.484145
0.558321
0.660546
0.559173
0.45281
0.716406
0.613985
0.530605
0.660369
0.665966
0.682712
0.743679
0.588212
0.685356
0.548307
0.756591
0.665552
0.497726
0.549431
0.636595
0.541405
0.630033
0.478626
0.539908
0.643843
0.616323
0.705313
0.522108
0.687774
0.676619
0.618491
0.731018
0.463337
0.684948
0.504967
0.67471
0.73773
0.733058
0.709369
0.56812
0.709703
0.564903
0.618191
0.505984
0.605257
0.554156
0.614126
0.634536
0.562426
0.911286
0.549333
0.480291
0.605422
0.720222
0.726126
0.434133
0.624369
0.603015
0.484049
0.688624
0.660909
0.608927
0.68811
0.6528
0.593014
0.624093
0.633542
0.515756
0.814904
0.684632
0.556636
0.702077
0.581725
0.694549
0.444102
0.853916
0.629949
0.776929
0.618678
0.510119
0.67819
0.71695
0.698013
0.545517
0.623883
0.607299
0.699075
0.686591
0.653501
0.551838
0.693074
0.501188
0.497644
0.617401
0.81721
0.680963
0.656879
0.652182
0.534278
0.641176
0.612703
0.628638
0.519264
0.593383
0.649573
0.690023
0.889052
0.696724
0.64856
0.748798
0.678633
0.630136
0.505261
0.600621
0.502481
0.546926
0.603658
0.848577
0.580579
0.421083
0.611773
0.740614
0.470237
0.592213
0.61994
0.595119
0.733299
0.69469
0.603894
0.709329
0.745663
0.500849
0.614921
0.576215
0.592217
0.619042
0.606008
0.651291
0.546829
0.609779
0.57183
0.65738
0.789732
0.638525
0.620259
0.659087
0.737523
0.675458
0.628197
0.669306
0.806315
0.662285
0.547629
0.567294
0.593666
0.438583
0.478338
0.569581
0.692609
0.736151
0.588104
0.685907
0.614942
0.70591
0.668839
0.689789
0.588348
0.625787
0.49239
0.47585
0.70388
0.58471
0.814164
0.626183
3.54172e-06
0.590663
0.429989
0.538853
0.591717
0.455945
0.659105
0.724684
0.469027
0.508233
0.709446
0.723642
0.136667
0.698358
0.656691
0.640792
0.655001
0.540137
0.61289
0.660497
0.722412
0.607763
0.51649
0.598235
0.6716
0.664044
0.706632
0.556208
0.616169
0.464456
0.623676
0.671402
0.651315
0.681203
0.547201
0.549633
0.677009
0.641388
0.637241
0.498822
0.608394
0.631556
0.587217
0.53865
0.741745
0.528615
0.601696
0.67638
0.341228
0.706088
0.540801
0.618935
0.618991
0.544033
0.558591
0.707137
0.598428
0.715833
0.563472
0.708862
0.60842
0.69375
0.739948
0.585819
0.512681
0.740538
0.678165
0.63148
0.486401
0.709395
0.533818
0.538596
0.691125
0.533706
0.613407
0.567782
0.752218
0.735467
0.773829
0.546042
0.599448
0.804262
0.623208
0.647002
0.702702
0.667985
0.663201
0.594809
0.539523
0.560337
0.772315
0.641355
0.774722
0.650235
0.659524
0.766675
0.584005
0.75946
0.735089
0.593482
0.577498
0.520476
0.592981
0.562918
0.557472
0.647078
0.693613
0.509413
0.660353
0.533147
0.744338
0.676916
0.704233
0.664438
0.559975
0.732585
0.641016
0.752011
0.606876
0.588123
0.581695
0.618863
0.536125
0.600196
0.654642
0.603008
0.620298
0.63408
0.682636
0.680661
0.458187
0.581504
0.571482
0.662048
0.685871
0.697604
0.418406
0.618349
0.502085
0.731844
0.616641
0.698409
0.577654
0.619777
0.67592
0.748619
0.619518
0.588889
0.607315
0.69195
0.611696
0.769068
0.660151
0.685798
0.69573
0.729917
0.788267
151.724
