10.513995
0.423515
0.383884
0.509914
0.151125
0.450544
0.250078
0.173475
0.532983
0.293115
0.550655
0.542154
0.412368
0.604524
0.970678
0.146666
0.403181
0.954091
0.212508
0.00764517
0.892198
1
0.783249
0.0214034
1
0.999951
0.990012
0.000811741
0.461054
1
0.692381
0.483153
0.978118
0.973663
0.953477
0.248787
0.231383
0.915549
0.310526
0.796139
0.801675
0.507567
0.622178
0.439167
0.269789
0.570502
0.0870274
0.48465
0.567153
0.319124
0.135773
0.543541
0.865026
0.70854
0.684418
0.758111
0.999966
0.560148
0.973925
0.620378
0.0789276
0.28271
0.769749
0.604933
0.108743
0.347227
0.334402
0.500407
0.321543
0.995291
0.693466
0.453078
0.780582
0.28691
0.98094
0.091354
0.99913
0.899889
0.981408
0.544907
0.376406
0.654053
0.756724
0.774943
0.75353
0.282746
0.980779
0.988595
0.399105
0.983369
0.595356
0.67601
0.432608
0.503725
0.606219
0.127834
0.484477
0.784832
0.98688
0.948658
0.397077
0.851398
0.558599
0.676677
0.859571
0.38499
0.114498
0.646527
0.997615
0.999735
0.832566
0.773133
0.999552
0.928338
0.910941
0.72137
0.994237
0.483943
0.670981
0.995448
0.0377288
0.997407
0.999831
0.198131
0.837695
0.962724
0.9912
0.789907
0.483061
0.9865
1
0.518379
0.349867
0.808091
0.316202
0.694627
0.959058
0.490627
1
0.791877
0.00561984
0.597542
0.841933
0.197478
0.780639
0.998645
0.77216
0.412526
0.78454
0.636265
0.751638
0.998279
0.999825
0.973476
0.907753
0.970571
0.503159
1
1
0.971381
0.584708
0.677529
0.834999
0.578348
0.952415
0.208067
0.995307
0.54225
1
0.000845964
0.41933
0.999976
0.967863
0.653696
0.999876
0.615986
0.989108
0.585424
0.932289
0.92429
0.714802
0.516103
0.489066
0.983107
0.488785
0.750752
0.630884
0.959255
0.545739
0.978409
0.558034
0.879828
0.562818
0.611313
0.573946
0.563528
0.514534
0.643722
0.405525
0.998358
0.432124
0.999765
0.438294
0.608652
0.487274
0.235669
0.600941
0.126135
0.566696
0.853644
0.778647
0.694294
0.742609
0.609596
0.628601
0.995564
0.753025
0.994897
1
0.271139
0.961767
0.700441
0.559659
0.61287
0.625322
0.630501
0.748879
0.385535
0.647389
0.542115
0.483898
0.62531
0.658752
0.528773
0.644276
0.431289
0.718797
0.588018
0.254566
0.69266
0.609477
0.60984
0.626009
0.577644
0.559387
0.99873
0.903577
0.791111
0.698639
0.655679
0.614528
0.659669
0.672766
0.59012
0.632413
0.452734
0.656001
0.939253
0.631238
0.725776
0.600662
0.327016
0.668312
0.439603
0.652624
0.567418
0.627178
0.641457
0.73344
0.162554
0.513015
0.676909
0.642884
0.726875
0.624599
0.997687
0.616747
0.660587
0.920701
0.601825
0.490341
0.694918
0.814768
0.710736
0.414472
0.868471
0.824864
0.618413
0.398299
0.620125
0.579744
0.661462
0.923494
0.703824
0.805459
0.379223
0.611384
0.633936
0.506255
0.895649
0.457424
0.941126
0.678926
0.639673
0.653226
0.556021
0.685273
0.953355
0.56801
0.64146
0.703817
0.378898
0.609936
0.720709
0.989681
0.675807
0.600575
0.726092
0.616332
0.532515
0.560891
0.545183
0.699965
0.609432
0.609758
0.437156
0.545458
0.902144
0.275182
0.498924
0.679416
0.692225
0.612859
0.506177
0.595829
0.67724
0.615456
0.540523
0.522369
0.679891
0.540774
0.768408
0.669583
0.507054
0.509438
0.536342
0.631415
0.843431
0.504243
0.653396
0.387191
0.542778
0.674204
0.711875
0.687619
0.558915
0.647942
0.521657
0.670315
0.620511
0.613428
0.572351
0.769174
0.84656
0.719817
0.755915
0.623859
0.521856
0.487857
0.720232
0.633834
0.572986
0.580874
0.61053
0.641631
0.615093
0.779867
0.677192
0.546944
0.657639
0.683038
0.635868
0.552562
0.636505
0.67831
0.606814
0.428793
0.605674
0.537082
0.692281
0.603169
0.990835
0.657587
0.607125
0.50498
0.573719
0.689734
0.586116
0.693069
0.559488
0.599033
0.999976
0.177932
0.668209
0.731903
0.616508
0.825802
0.317697
0.664603
0.57808
0.561712
0.618594
0.606656
0.446534
0.583059
0.710332
0.610144
0.571569
0.629879
0.631287
0.590126
0.61427
0.731774
0.720464
0.675252
0.611934
0.718002
0.588026
0.740573
0.51687
0.580824
0.989255
0.634624
0.6778
0.652624
0.708303
0.438128
0.650017
0.473486
0.473506
0.552607
0.539465
0.662368
0.690286
0.541754
0.567746
0.645002
0.612038
0.737225
0.632758
0.671175
0.786716
0.654063
0.702103
0.801287
0.678403
0.577372
0.713834
0.558354
0.771984
0.594181
0.577735
0.409953
0.58849
0.615382
0.610379
0.984702
0.622593
0.436096
0.643768
0.613359
0.764944
0.73919
0.600813
0.689763
0.597556
0.643579
0.576162
0.665663
0.719202
0.624157
0.707916
0.489199
0.578283
0.789997
0.576749
0.646136
0.548442
0.747543
0.430298
0.580291
0.603361
0.710206
0.709878
0.688804
0.666841
0.622779
0.593688
0.676707
0.551303
0.542041
0.715309
0.716946
0.5705
0.627847
0.536125
0.606125
0.664827
0.59723
0.682229
0.614854
0.724186
0.518808
0.522772
0.616161
0.657256
0.714395
0.659766
0.756126
0.596135
0.637239
0.819262
0.557973
0.608649
0.695361
0.715482
0.660483
0.624594
0.599454
0.592197
0.568821
0.597476
0.556286
0.675628
0.633974
0.605403
0.606219
0.714619
0.519422
0.66562
0.681071
0.533242
0.876994
0.623056
0.563498
0.687315
0.54953
0.589708
0.680153
0.620801
0.712912
0.509261
0.796068
0.644054
0.612455
0.604026
0.701043
0.621797
0.656008
0.686002
0.643708
0.549968
0.524832
0.643167
0.541044
0.639176
0.594571
0.720267
0.728219
0.266636
0.817273
0.749607
0.708003
0.68184
0.666967
0.61299
0.770807
0.559365
0.529244
0.498946
0.568427
0.559008
0.65441
0.633684
0.648762
0.495636
0.516899
0.705125
0.639944
0.685585
0.664522
0.576496
0.555866
0.495206
0.694721
0.68416
0.52382
0.635602
0.524393
0.729248
0.514272
0.644688
0.618001
0.723797
0.490144
0.737148
0.71063
0.67051
0.679316
0.530735
0.633275
0.60905
0.728859
0.599196
0.543758
0.59899
0.617496
0.573189
0.586032
0.558838
0.800955
0.752466
0.590788
0.523577
0.598926
0.663225
0.720367
0.546048
0.696208
0.575623
0.737579
0.613801
0.633077
0.637257
0.585953
0.654868
0.612118
0.600795
0.609228
0.679665
0.678187
0.620549
0.657314
0.580721
0.544708
0.570312
0.595864
0.648094
0.479637
0.63621
0.560916
0.671502
0.660489
0.640912
0.5828
0.65298
0.61335
0.535805
0.584533
0.610343
0.622489
0.647965
0.565964
0.568474
0.662033
0.733446
0.65739
0.699621
0.635988
0.611222
0.547591
0.463115
0.751065
0.510815
0.574307
0.703655
0.622365
0.543698
0.590184
0.610712
0.620047
0.674436
0.678558
0.739687
0.579785
0.762092
0.620451
0.540177
0.686222
0.732989
0.591462
0.675321
0.59392
0.537644
0.710068
0.559513
0.656331
0.744598
0.645163
0.618564
0.696437
0.583124
0.672749
0.613309
0.285492
0.605856
0.60763
0.562706
0.623666
0.623467
0.565946
0.627587
0.418753
0.501971
0.556088
0.522853
0.679561
0.528927
0.530141
0.724845
0.69973
0.647807
0.681943
0.543276
0.692564
0.79761
0.587178
0.656192
0.733739
0.628692
0.544061
0.576858
0.389768
0.65253
0.508862
0.716726
0.705747
0.732494
0.7473
0.726402
0.583684
0.572345
0.533744
0.58541
0.684456
0.564057
0.683288
0.534629
0.64652
0.585174
0.772182
0.543843
0.673897
0.559397
0.555209
0.525657
0.706222
0.680755
0.598589
0.530996
0.648889
0.720357
0.524804
0.614816
0.474852
0.705957
0.538549
0.737893
0.606892
0.567473
0.62581
0.618225
0.638725
0.6807
0.767643
0.702202
0.569847
0.525556
0.671473
0.542233
0.494419
0.661629
0.667021
0.550938
0.63912
0.607941
0.648589
0.653571
0.533452
0.765801
0.707925
0.699034
0.497358
0.653268
0.59227
0.659667
0.65942
0.667712
0.478375
0.573439
0.547486
0.667369
0.639095
0.641202
0.658796
0.673733
0.66747
0.689587
0.580936
0.556086
0.555923
0.701135
0.556801
0.653491
0.566806
0.401039
0.539909
0.605721
0.614231
0.433411
0.584218
0.654711
0.60989
0.665736
0.609636
0.586086
0.532913
0.628026
0.657837
0.629734
0.590062
0.714038
0.577882
0.504911
0.506062
0.553175
0.651242
0.238993
0.712875
0.702996
0.704664
0.616305
0.762961
0.638704
0.606504
0.662971
0.62517
0.659925
0.576678
0.733274
0.77469
0.519826
0.620688
0.69244
0.687259
0.648517
0.574705
0.688607
0.726984
0.660766
0.766258
0.604171
0.638426
0.43254
0.747618
0.64602
0.692235
0.609476
0.563432
0.685472
0.613302
0.685719
0.643315
0.660301
0.757908
0.580384
0.656621
0.685346
0.63178
0.50682
0.638573
0.76107
0.594328
0.602729
0.584383
0.543109
0.523445
0.748161
0.660457
0.702449
0.572931
0.61261
0.63229
0.706371
0.342428
0.652719
0.518984
0.598514
0.567504
0.647091
0.593775
0.672623
0.635675
0.646164
0.536734
0.504772
0.754578
0.522725
0.55931
0.750444
0.664498
0.552521
0.435811
0.611466
0.423699
0.546879
0.582149
0.705059
0.665578
0.582062
0.716088
0.53485
0.625786
0.513125
0.769447
0.679106
0.74059
0.652735
0.692392
0.694196
0.577107
0.661909
0.534001
0.52565
0.548975
0.706992
0.553011
0.430542
0.55468
0.627231
0.729431
0.603926
0.651631
0.610297
0.65338
0.677963
0.580577
0.734322
0.545412
0.822292
0.642396
0.625677
0.599674
0.724144
0.676684
0.685266
0.76844
0.524181
0.570831
0.593023
0.547893
0.543327
0.601392
0.641651
0.611526
0.588033
0.687551
0.603296
0.643813
0.746592
0.724062
0.540451
0.531408
0.653772
0.561509
0.660081
0.672614
0.679382
0.653358
0.704007
0.754869
0.702607
0.617148
0.669943
0.0235093
0.537095
0.660373
0.571821
0.605846
0.746771
0.58137
0.545601
0.597438
0.502473
0.640568
0.749943
0.73384
0.602612
0.696625
0.583151
146.768
